0.0125867084
0.00904499137
0.00755019486
0.006469996999
0.00567506417
0.00512677962
0.004749054522
0.004436286406
0.004147707518
0.003929079263
0.003745305821
0.003598722407
0.0034775651
0.003349055588
0.003214021226
0.003089826067
0.002970438191
0.002880323302
0.00278772675
0.002683981944
0.002588407754
0.002497447753
0.002327549654
0.002241753995
0.002064799602
0.001917201718
0.001819494368
0.001750936616
0.001683847093
0.001597491279
0.001531055922
0.001456994625
0.00140509737
0.001316930965
0.00125538522
0.001210679781
0.001165815598
0.00112341237
0.001071673946
0.001006671375
0.0009622799574
0.0009262148624
0.0009147437764
0.0009134111177
0.0009258952425
0.0009252360177
0.0009254411228
0.0009210683072
0.0009222612623
0.0009225929811
0.0009347247358
0.0009540113833
0.000962534131
0.0009666422378
0.000953533454
0.0009296679478
0.0008995178362
0.0008642721348
0.0008383990889
0.0008088133881
0.0007752664919
0.0007579460498
0.0007576297258
0.0007655874714
0.0007703973948
0.0007732208781
0.0007719511505
0.0007660533168
0.0007567173314
0.0007527734755
0.0007424842872
0.0007331439535
