95.67165362
66.1035864
53.92840673
46.65075098
42.36820114
38.69401157
36.01063349
33.82896026
31.84222738
30.08323129
28.67242971
27.44156264
26.3286085
25.30762593
24.32952337
23.51852413
22.88439299
22.26954783
21.67157554
21.12002686
20.61308645
20.13394575
19.27302711
18.9652012
18.37279908
17.93051534
17.64231054
17.41115222
17.24065725
17.03673075
16.97719407
16.88305915
16.8302236
16.74298393
16.67903642
16.5835814
16.3962268
16.04218933
15.72133773
15.36813096
15.05068822
14.68545438
14.46958887
14.37641731
14.29847852
14.28911798
14.17391442
13.96657888
13.71908448
13.34700209
13.06890843
12.97049072
12.93288782
12.83731854
12.61180839
12.42323541
12.12012272
11.90627313
11.85618538
11.90161309
12.19132291
12.63113346
13.04776446
13.47926307
14.07110571
14.77414215
15.81828719
16.89275102
17.74339424
18.74087586
19.96747842
21.35275111
