152.1686698
103.525437
83.3943555
71.73010122
63.8964554
58.17408955
53.75997482
50.22237812
47.30586179
44.84838631
42.74155207
40.90974054
39.29838134
37.8669741
36.58474396
35.4278315
34.37741518
33.41842141
32.53861657
31.72795415
30.97809641
30.28205798
29.02870501
28.46205332
27.43009489
26.51370797
25.69416259
24.95678495
24.28989298
23.68405444
23.13155809
22.3891792
21.94438976
21.34204526
20.80750618
20.3315859
19.77553176
19.29648182
18.88336906
18.52736158
18.22129949
17.9000863
17.63839235
17.42861387
17.23667919
17.10167454
17.01633403
16.97153919
16.98293404
17.0517858
17.17006701
17.35394981
17.58406927
17.88604771
18.26597672
18.68809474
19.18894893
19.77122981
20.43650682
21.18541005
22.01782635
22.87848502
23.87410432
24.95045512
26.10609927
27.33956352
28.70930831
30.15529773
31.73702262
33.45440542
35.24515807
37.23230062
