0.02461555356
0.01448231589
0.01091387485
0.009031604283
0.007844137699
0.007014761551
0.006396227245
0.005913363345
0.005523524919
0.005200588147
0.004927585571
0.004692976985
0.004488615535
0.004308570378
0.004148411088
0.004004754616
0.003874968376
0.003756969791
0.003649087408
0.003549962487
0.003458477838
0.003373705456
0.00322130583
0.003152460668
0.003027062998
0.002915554365
0.002815560306
0.002725237854
0.002643132013
0.002568076863
0.00249912579
0.002405480349
0.002348669035
0.002270635199
0.002200026852
0.002135754614
0.002058422987
0.001989167872
0.001926710925
0.001870043058
0.001818355766
0.001759762233
0.001706902399
0.001658957121
0.001606989884
0.001560241609
0.001517985232
0.001473587349
0.001428407057
0.001388316776
0.001352618105
0.001317013683
0.001285621055
0.00125505684
0.001226031839
0.001201232846
0.001178422852
0.001158126151
0.001140803316
0.001126854682
0.001116623146
0.00111064002
0.001108401707
0.001110596379
0.001117349262
0.001128734056
0.001145596079
0.00116742522
0.001195256083
0.001229362507
0.001268497606
0.001315439188
