108.1602001
67.4179046
52.61994173
44.66246329
39.58227297
36.00896378
33.33407752
31.24299043
29.55527735
28.15939797
26.9823443
25.97413428
25.09928623
24.33184787
23.65235529
23.04589616
22.50083375
22.00794119
21.55979915
21.15036727
20.77467315
20.42858279
19.811877
19.53583032
19.03757215
18.59994508
18.21237437
17.86666463
17.5563582
17.27629231
17.02228614
16.68281307
16.48023198
16.20652038
15.96380736
15.74737886
15.49327931
15.27223885
15.07883468
14.90881965
14.75881738
14.59536365
14.4547282
14.33357591
14.2101994
14.10741559
14.02234495
13.94243771
13.873108
13.82399322
13.79241869
13.77522671
13.77512039
13.79268603
13.83104559
13.88712486
13.96632613
14.07113001
14.20379891
14.36638406
14.56073156
14.77452342
15.03596793
15.33358147
15.66842591
16.04137606
16.47231744
16.94434858
17.47860405
18.07750982
18.72049695
19.4534951
