0.02192684971
0.01211277871
0.008775367787
0.007068193836
0.006019105536
0.005302623649
0.004778473405
0.004376055427
0.004055859666
0.003793991993
0.003575119594
0.003388931482
0.003228225306
0.003087809528
0.002963841799
0.0028534135
0.002754279587
0.002664677579
0.002583203054
0.002508722034
0.002440308051
0.002377196137
0.002264429284
0.002213783739
0.002122016974
0.002040945414
0.001968680084
0.001903765896
0.001845061972
0.001791659833
0.001742826118
0.001676859709
0.001637047343
0.001582627744
0.001533661783
0.001489327815
0.001436301978
0.001389124141
0.00134684401
0.001308714654
0.001274139809
0.001235193289
0.001200297011
0.001168852153
0.001135003071
0.001104769932
0.001077624063
0.001049292076
0.00102065897
0.0009954114056
0.0009730421249
0.0009508137232
0.0009312496179
0.0009121833792
0.0008939848324
0.000878266195
0.0008635311593
0.0008499920955
0.0008378076056
0.0008270889313
0.0008179066568
0.0008106900588
0.000804554931
0.0007999987957
0.0007969883361
0.0007954764657
0.0007954351806
0.0007968843692
0.0007998702353
0.0008044323027
0.0008103522645
0.000818019071
