152.3458866
106.8423239
87.34765132
74.28856327
63.97255372
56.80041882
52.68729821
49.63625352
47.15234961
45.07665835
43.2877095
41.38397974
39.76619428
38.33498342
37.11412989
35.96746897
34.93595168
34.01916708
33.23287468
32.27969624
31.4179094
30.75167099
29.48162948
28.85654933
27.64242789
26.64870775
25.87932241
25.24367875
24.64762981
23.97079906
23.35330933
22.55098824
21.94593647
21.09898473
20.55747026
19.93335931
19.16017214
18.36652693
17.83616932
17.49320528
17.07731294
16.56859355
16.01171448
15.70958891
15.61226902
15.63727926
15.82814394
16.02747818
16.14427486
16.13945545
16.33608037
16.70252201
17.04809564
17.6135158
18.30633842
18.86916675
19.38786391
20.00472022
20.83400101
21.87143925
22.90650551
23.8134681
24.84252592
25.86614077
27.06791069
28.42417593
29.89231276
31.55862738
33.23455756
34.87660272
36.47623381
38.53701611
