0.01316203145
0.008602017294
0.006825757575
0.005826980454
0.005168369294
0.00469321311
0.004329990556
0.004040891779
0.00380383324
0.003604948917
0.003435040157
0.003287734702
0.003158461151
0.00304384403
0.002941329826
0.002848946586
0.002765144159
0.002688684971
0.002618567461
0.002553971254
0.002494217121
0.00243873725
0.00233875684
0.002293500908
0.002210948143
0.002137433694
0.00207145384
0.002011833639
0.001957640021
0.001908121403
0.001862664746
0.001801013422
0.001763679249
0.001712511348
0.001666357233
0.00162449732
0.001574375387
0.001529771608
0.001489833488
0.001453886271
0.001421388057
0.001384951576
0.001352526914
0.001323561609
0.00129274769
0.001265658085
0.001241798929
0.001217517324
0.001193835673
0.001173915534
0.001157272999
0.00114198351
0.001129896025
0.001119774091
0.001112186895
0.001107877928
0.00110647783
0.001108393765
0.001113971737
0.001123496796
0.001137194451
0.001154081405
0.001176395428
0.001203249331
0.001234667229
0.001270637008
0.001313018081
0.001360062208
0.001413762209
0.001474254789
0.001539329958
0.001613503682
