0.01562264501
0.01076325975
0.008934881004
0.007922816492
0.007290703142
0.006642563921
0.00612194438
0.005672885492
0.005323011778
0.005017800393
0.004739495504
0.004492861529
0.004292571897
0.004120730886
0.003983663459
0.00383566816
0.003690563727
0.003578672881
0.003453954334
0.003315890521
0.003202123141
0.0031022719
0.002943270158
0.002877494372
0.00273894722
0.00261468279
0.002526695946
0.002431120105
0.002357134465
0.002298356171
0.002267311336
0.002220445819
0.002187050817
0.002144541121
0.002095573318
0.002040992723
0.001962459252
0.001879188013
0.001806393441
0.001753766769
0.0016956077
0.001637159401
0.001592810244
0.001558526251
0.001521710651
0.001478448276
0.001443475149
0.001411475403
0.001385785684
0.00135524451
0.001322765993
0.001259598352
0.001190157304
0.001115714289
0.001065667322
0.001003032601
0.0009412401492
0.0008793650316
0.0008164775193
0.000723745595
0.0006577064817
0.0006153122404
0.0006048107582
0.0006105669998
0.0005774490869
0.0005026670129
0.0004675354335
0.0004494408163
0.0004567052588
0.0004794507223
0.0005038671625
0.0004734259398
