2.00761791
4.01523582
6.022853729
8.030471639
10.03808955
12.04570746
14.05332537
16.06094328
18.06856119
20.0761791
22.08379701
24.09141492
26.09903283
28.10665074
30.11426865
32.12188656
34.12950447
36.13712238
38.14474029
40.1523582
42.15997611
44.16759402
48.18282983
50.19044774
54.20568356
58.22091938
62.2361552
66.25139102
70.26662684
74.28186266
78.29709848
84.31995221
88.33518803
94.35804176
100.3808955
106.4037492
114.4342209
122.4646925
130.4951641
138.5256358
146.5561074
156.594197
166.6322865
176.6703761
188.7160835
200.761791
212.8074984
226.8608238
242.9217671
258.9827104
275.0436536
293.1122148
311.180776
331.2569551
353.3407521
375.4245491
399.515964
425.6149969
453.7216476
483.8359163
515.9578028
548.0796894
584.2168117
622.361552
662.5139102
704.6738863
750.8490983
799.0319281
851.2299937
907.4432952
965.6642146
1029.907988
