129.2146992
91.48191669
74.81372414
64.91696194
58.19763465
53.26889043
49.4671094
46.42953663
43.93890057
41.8560522
40.08718078
38.56641554
37.24594846
36.09011494
35.07168499
34.16945114
33.36660937
32.64964213
32.00752943
31.43117977
30.91301208
30.44664354
29.64839854
29.30787758
28.72657232
28.25979149
27.88965642
27.60196707
27.38525732
27.23013524
27.12881182
27.06369516
27.07044182
27.14485049
27.28567138
27.48292209
27.81976806
28.22692061
28.69207848
29.20544562
29.75914409
30.49836379
31.28072094
32.09838041
33.11752059
34.17020836
35.24994458
36.53711882
38.03692139
39.56072615
41.10328655
42.85618124
44.62354882
46.60040209
48.78714204
50.98356556
53.38794816
55.99994038
58.81898689
61.84441392
65.07549859
68.30933704
71.94951431
75.79335643
79.84029514
84.08983614
88.74389878
93.59972902
98.85927922
104.5221597
110.3858443
116.8544149
