0.01102768102
0.007616169485
0.006380519337
0.005614563658
0.00504553262
0.004522322362
0.004116999996
0.003821610614
0.003601534242
0.003436229978
0.003301970464
0.003184971856
0.003083698832
0.00297382209
0.002871607966
0.0027700907
0.00267594994
0.002589091922
0.00249733801
0.002403696855
0.002321816502
0.002253161241
0.002144142758
0.002104065338
0.002031635455
0.00196444579
0.001918923056
0.001891248623
0.001869422802
0.001854905994
0.001843395584
0.001820820327
0.001813547197
0.001799733332
0.001770825631
0.001728188576
0.001664937565
0.001602012609
0.001531503588
0.001467802464
0.001420768836
0.0013731408
0.001331705414
0.001297559201
0.001271426618
0.001254182439
0.001243061076
0.001239364258
0.001218495087
0.001204144708
0.001191926949
0.001170437041
0.001140007718
0.001103025097
0.001047746595
0.0009801786089
0.0009106967381
0.0008435267115
0.0007860306941
0.000748743198
0.0007139761945
0.0007073307711
0.0007129865879
0.0007060290749
0.0006540324563
0.0006191602275
0.0005949475355
0.0006150969275
0.0006387847535
0.0006420733859
0.0006075106687
0.0005351263285
