124.1736036
90.54463607
72.07822293
63.02606292
56.6314157
51.46582613
47.92232935
45.16000305
43.4970533
42.03211133
40.6151064
39.5071548
38.61283966
37.72527199
36.90910565
36.05183363
35.01544357
34.03675828
33.14718333
32.394051
31.83453459
31.2535042
29.98904901
29.38995001
28.42292392
27.67073332
27.13585973
26.77565209
26.56993806
26.46879956
26.51272251
26.49584853
26.51076538
26.62307358
26.85125848
27.12456788
27.56510178
28.03925084
28.4823151
29.10521997
29.7840976
30.67566749
31.53796265
32.40534819
33.49645998
34.63024796
35.70122405
36.83204592
38.14622832
39.47748455
40.79164718
42.49159861
44.2670431
46.28867745
48.6151334
50.89581255
53.45872931
56.35441389
59.56639703
62.99786184
66.48911537
69.92160597
73.66357436
77.50599451
81.57902035
85.7036555
89.91936771
93.89797239
97.82431136
101.8127338
105.8281967
110.7636067
